----------MATRIX TRANSPOSE RESULTS --------------
 Processor 0, Matrix : Dimension 20 * 20 : 
  0.000   1.000   2.000   3.000   4.000   5.000   6.000   7.000   8.000   9.000  10.000  11.000  12.000  13.000  14.000  15.000  16.000  17.000  18.000  19.000 
 20.000  21.000  22.000  23.000  24.000  25.000  26.000  27.000  28.000  29.000  30.000  31.000  32.000  33.000  34.000  35.000  36.000  37.000  38.000  39.000 
 40.000  41.000  42.000  43.000  44.000  45.000  46.000  47.000  48.000  49.000  50.000  51.000  52.000  53.000  54.000  55.000  56.000  57.000  58.000  59.000 
 60.000  61.000  62.000  63.000  64.000  65.000  66.000  67.000  68.000  69.000  70.000  71.000  72.000  73.000  74.000  75.000  76.000  77.000  78.000  79.000 
 80.000  81.000  82.000  83.000  84.000  85.000  86.000  87.000  88.000  89.000  90.000  91.000  92.000  93.000  94.000  95.000  96.000  97.000  98.000  99.000 
100.000 101.000 102.000 103.000 104.000 105.000 106.000 107.000 108.000 109.000 110.000 111.000 112.000 113.000 114.000 115.000 116.000 117.000 118.000 119.000 
120.000 121.000 122.000 123.000 124.000 125.000 126.000 127.000 128.000 129.000 130.000 131.000 132.000 133.000 134.000 135.000 136.000 137.000 138.000 139.000 
140.000 141.000 142.000 143.000 144.000 145.000 146.000 147.000 148.000 149.000 150.000 151.000 152.000 153.000 154.000 155.000 156.000 157.000 158.000 159.000 
160.000 161.000 162.000 163.000 164.000 165.000 166.000 167.000 168.000 169.000 170.000 171.000 172.000 173.000 174.000 175.000 176.000 177.000 178.000 179.000 
180.000 181.000 182.000 183.000 184.000 185.000 186.000 187.000 188.000 189.000 190.000 191.000 192.000 193.000 194.000 195.000 196.000 197.000 198.000 199.000 
200.000 201.000 202.000 203.000 204.000 205.000 206.000 207.000 208.000 209.000 210.000 211.000 212.000 213.000 214.000 215.000 216.000 217.000 218.000 219.000 
220.000 221.000 222.000 223.000 224.000 225.000 226.000 227.000 228.000 229.000 230.000 231.000 232.000 233.000 234.000 235.000 236.000 237.000 238.000 239.000 
240.000 241.000 242.000 243.000 244.000 245.000 246.000 247.000 248.000 249.000 250.000 251.000 252.000 253.000 254.000 255.000 256.000 257.000 258.000 259.000 
260.000 261.000 262.000 263.000 264.000 265.000 266.000 267.000 268.000 269.000 270.000 271.000 272.000 273.000 274.000 275.000 276.000 277.000 278.000 279.000 
280.000 281.000 282.000 283.000 284.000 285.000 286.000 287.000 288.000 289.000 290.000 291.000 292.000 293.000 294.000 295.000 296.000 297.000 298.000 299.000 
300.000 301.000 302.000 303.000 304.000 305.000 306.000 307.000 308.000 309.000 310.000 311.000 312.000 313.000 314.000 315.000 316.000 317.000 318.000 319.000 
320.000 321.000 322.000 323.000 324.000 325.000 326.000 327.000 328.000 329.000 330.000 331.000 332.000 333.000 334.000 335.000 336.000 337.000 338.000 339.000 
340.000 341.000 342.000 343.000 344.000 345.000 346.000 347.000 348.000 349.000 350.000 351.000 352.000 353.000 354.000 355.000 356.000 357.000 358.000 359.000 
360.000 361.000 362.000 363.000 364.000 365.000 366.000 367.000 368.000 369.000 370.000 371.000 372.000 373.000 374.000 375.000 376.000 377.000 378.000 379.000 
380.000 381.000 382.000 383.000 384.000 385.000 386.000 387.000 388.000 389.000 390.000 391.000 392.000 393.000 394.000 395.000 396.000 397.000 398.000 399.000 

Processor 0, Matrix : Dimension 20 * 20 : 
  0.000  20.000  40.000  60.000  80.000 100.000 120.000 140.000 160.000 180.000 200.000 220.000 240.000 260.000 280.000 300.000 320.000 340.000 360.000 380.000 
  1.000  21.000  41.000  61.000  81.000 101.000 121.000 141.000 161.000 181.000 201.000 221.000 241.000 261.000 281.000 301.000 321.000 341.000 361.000 381.000 
  2.000  22.000  42.000  62.000  82.000 102.000 122.000 142.000 162.000 182.000 202.000 222.000 242.000 262.000 282.000 302.000 322.000 342.000 362.000 382.000 
  3.000  23.000  43.000  63.000  83.000 103.000 123.000 143.000 163.000 183.000 203.000 223.000 243.000 263.000 283.000 303.000 323.000 343.000 363.000 383.000 
  4.000  24.000  44.000  64.000  84.000 104.000 124.000 144.000 164.000 184.000 204.000 224.000 244.000 264.000 284.000 304.000 324.000 344.000 364.000 384.000 
  5.000  25.000  45.000  65.000  85.000 105.000 125.000 145.000 165.000 185.000 205.000 225.000 245.000 265.000 285.000 305.000 325.000 345.000 365.000 385.000 
  6.000  26.000  46.000  66.000  86.000 106.000 126.000 146.000 166.000 186.000 206.000 226.000 246.000 266.000 286.000 306.000 326.000 346.000 366.000 386.000 
  7.000  27.000  47.000  67.000  87.000 107.000 127.000 147.000 167.000 187.000 207.000 227.000 247.000 267.000 287.000 307.000 327.000 347.000 367.000 387.000 
  8.000  28.000  48.000  68.000  88.000 108.000 128.000 148.000 168.000 188.000 208.000 228.000 248.000 268.000 288.000 308.000 328.000 348.000 368.000 388.000 
  9.000  29.000  49.000  69.000  89.000 109.000 129.000 149.000 169.000 189.000 209.000 229.000 249.000 269.000 289.000 309.000 329.000 349.000 369.000 389.000 
 10.000  30.000  50.000  70.000  90.000 110.000 130.000 150.000 170.000 190.000 210.000 230.000 250.000 270.000 290.000 310.000 330.000 350.000 370.000 390.000 
 11.000  31.000  51.000  71.000  91.000 111.000 131.000 151.000 171.000 191.000 211.000 231.000 251.000 271.000 291.000 311.000 331.000 351.000 371.000 391.000 
 12.000  32.000  52.000  72.000  92.000 112.000 132.000 152.000 172.000 192.000 212.000 232.000 252.000 272.000 292.000 312.000 332.000 352.000 372.000 392.000 
 13.000  33.000  53.000  73.000  93.000 113.000 133.000 153.000 173.000 193.000 213.000 233.000 253.000 273.000 293.000 313.000 333.000 353.000 373.000 393.000 
 14.000  34.000  54.000  74.000  94.000 114.000 134.000 154.000 174.000 194.000 214.000 234.000 254.000 274.000 294.000 314.000 334.000 354.000 374.000 394.000 
 15.000  35.000  55.000  75.000  95.000 115.000 135.000 155.000 175.000 195.000 215.000 235.000 255.000 275.000 295.000 315.000 335.000 355.000 375.000 395.000 
 16.000  36.000  56.000  76.000  96.000 116.000 136.000 156.000 176.000 196.000 216.000 236.000 256.000 276.000 296.000 316.000 336.000 356.000 376.000 396.000 
 17.000  37.000  57.000  77.000  97.000 117.000 137.000 157.000 177.000 197.000 217.000 237.000 257.000 277.000 297.000 317.000 337.000 357.000 377.000 397.000 
 18.000  38.000  58.000  78.000  98.000 118.000 138.000 158.000 178.000 198.000 218.000 238.000 258.000 278.000 298.000 318.000 338.000 358.000 378.000 398.000 
 19.000  39.000  59.000  79.000  99.000 119.000 139.000 159.000 179.000 199.000 219.000 239.000 259.000 279.000 299.000 319.000 339.000 359.000 379.000 399.000 
Serial results
  0.000  20.000  40.000  60.000  80.000 100.000 120.000 140.000 160.000 180.000 200.000 220.000 240.000 260.000 280.000 300.000 320.000 340.000 360.000 380.000 
  1.000  21.000  41.000  61.000  81.000 101.000 121.000 141.000 161.000 181.000 201.000 221.000 241.000 261.000 281.000 301.000 321.000 341.000 361.000 381.000 
  2.000  22.000  42.000  62.000  82.000 102.000 122.000 142.000 162.000 182.000 202.000 222.000 242.000 262.000 282.000 302.000 322.000 342.000 362.000 382.000 
  3.000  23.000  43.000  63.000  83.000 103.000 123.000 143.000 163.000 183.000 203.000 223.000 243.000 263.000 283.000 303.000 323.000 343.000 363.000 383.000 
  4.000  24.000  44.000  64.000  84.000 104.000 124.000 144.000 164.000 184.000 204.000 224.000 244.000 264.000 284.000 304.000 324.000 344.000 364.000 384.000 
  5.000  25.000  45.000  65.000  85.000 105.000 125.000 145.000 165.000 185.000 205.000 225.000 245.000 265.000 285.000 305.000 325.000 345.000 365.000 385.000 
  6.000  26.000  46.000  66.000  86.000 106.000 126.000 146.000 166.000 186.000 206.000 226.000 246.000 266.000 286.000 306.000 326.000 346.000 366.000 386.000 
  7.000  27.000  47.000  67.000  87.000 107.000 127.000 147.000 167.000 187.000 207.000 227.000 247.000 267.000 287.000 307.000 327.000 347.000 367.000 387.000 
  8.000  28.000  48.000  68.000  88.000 108.000 128.000 148.000 168.000 188.000 208.000 228.000 248.000 268.000 288.000 308.000 328.000 348.000 368.000 388.000 
  9.000  29.000  49.000  69.000  89.000 109.000 129.000 149.000 169.000 189.000 209.000 229.000 249.000 269.000 289.000 309.000 329.000 349.000 369.000 389.000 
 10.000  30.000  50.000  70.000  90.000 110.000 130.000 150.000 170.000 190.000 210.000 230.000 250.000 270.000 290.000 310.000 330.000 350.000 370.000 390.000 
 11.000  31.000  51.000  71.000  91.000 111.000 131.000 151.000 171.000 191.000 211.000 231.000 251.000 271.000 291.000 311.000 331.000 351.000 371.000 391.000 
 12.000  32.000  52.000  72.000  92.000 112.000 132.000 152.000 172.000 192.000 212.000 232.000 252.000 272.000 292.000 312.000 332.000 352.000 372.000 392.000 
 13.000  33.000  53.000  73.000  93.000 113.000 133.000 153.000 173.000 193.000 213.000 233.000 253.000 273.000 293.000 313.000 333.000 353.000 373.000 393.000 
 14.000  34.000  54.000  74.000  94.000 114.000 134.000 154.000 174.000 194.000 214.000 234.000 254.000 274.000 294.000 314.000 334.000 354.000 374.000 394.000 
 15.000  35.000  55.000  75.000  95.000 115.000 135.000 155.000 175.000 195.000 215.000 235.000 255.000 275.000 295.000 315.000 335.000 355.000 375.000 395.000 
 16.000  36.000  56.000  76.000  96.000 116.000 136.000 156.000 176.000 196.000 216.000 236.000 256.000 276.000 296.000 316.000 336.000 356.000 376.000 396.000 
 17.000  37.000  57.000  77.000  97.000 117.000 137.000 157.000 177.000 197.000 217.000 237.000 257.000 277.000 297.000 317.000 337.000 357.000 377.000 397.000 
 18.000  38.000  58.000  78.000  98.000 118.000 138.000 158.000 178.000 198.000 218.000 238.000 258.000 278.000 298.000 318.000 338.000 358.000 378.000 398.000 
 19.000  39.000  59.000  79.000  99.000 119.000 139.000 159.000 179.000 199.000 219.000 239.000 259.000 279.000 299.000 319.000 339.000 359.000 379.000 399.000 
